{"ini": [0.04746079305022398, 0.08701147020272272, 0.06239591774362305, 0.27435555467576295, 0.18084630739286173, 0.010989289764878637, 0.043489043543414235, 0.08852862917703713, 0.19815944958539378, 0.006763544864081614], "fin": [0.15947974510175686, 0.725090972518767, 0.20055346102831734, 0.00011502933151706711, 0.15886341088075925, 0.542361450360972, 0.22584126217049985, 0.0037953051623326713, 0.25532519183997077, 0.07053250351282112], "trans": {"a": [[0.1904090589828104, 0.0004994186415162432, 0.14439501555216666, 0.15931457575528704, 0.10026732012153808, 0.15465872056073587, 0.03085523066333021, 0.005087445976419492, 0.08985843485418363, 0.1246547788920123], [0.13225018140323594, 0.1744404361810962, 0.006693810212793372, 0.00032205596069920044, 0.027153527426864763, 0.16144124950215313, 0.002213541421209263, 0.12261815861041221, 0.18616222581211922, 0.1867048134694166], [0.1947488183725582, 0.07469056097500165, 0.003673867329134416, 0.1660183980102934, 0.1951117727114749, 0.1152040564637711, 0.0007367250462759028, 2.9169365614781893e-05, 0.05938085866490506, 0.19040577306097045], [0.005089992940180548, 0.17514137532281146, 0.1938835094434421, 0.19024692193046705, 0.0275426104045397, 0.023320442501765556, 0.14380075199325967, 0.0042778959576323305, 0.192682038828399, 0.044014460677502726], [0.2032681453449143, 0.008552847393988327, 0.20479124835439275, 0.10400952427749997, 0.19340251139478962, 0.0004275835837234348, 0.043673620101367654, 0.006151312989642159, 0.09075227868661423, 0.14497092787306762], [0.1844951281548734, 0.04195862159192103, 0.09247261795409564, 0.01078558658124016, 0.16450416590807218, 0.009547872593954263, 0.106084603341286, 0.004363054621873896, 0.1918130455097269, 0.19397530374295657], [0.00025154234182104955, 0.1382163277368434, 0.09761196003397346, 0.18727151165706107, 0.08288845316677389, 0.1851283792510174, 0.14865979994947587, 0.0001895511531209074, 0.15365638436980852, 0.006126090340104509], [0.15368517897121062, 0.012343716933952453, 0.0848129278565118, 0.13550155833198305, 0.007878597481303632, 0.14166270629372396, 0.1043035886187405, 0.15263704922415164, 0.09858946884450492, 0.10858520744391756], [0.08584994425909637, 0.1468557456121534, 0.001260361822597416, 0.17577816909088928, 0.1503946846360916, 0.16862362594340782, 0.04042972726261405, 0.13309775728348805, 0.0012554147244459323, 0.09645456936521608], [0.07366462519597457, 0.004161393457408752, 0.00890119392310119, 0.0038304194667736122, 0.19361552845710958, 0.0042366193713638456, 0.12132104198465662, 0.2118987982260455, 0.20979171318745568, 0.16857866673011074]], "b": [[0.1384337780996226, 0.09599251021408133, 0.1865012824157339, 0.009428202973080908, 0.045459201582152935, 0.10987955919152213, 0.18054008285923595, 0.04087881981441784, 0.18900743318017563, 0.0038791296699767], [0.16586061857308243, 0.19385225565679032, 0.007569314069659948, 0.18570890223260292, 0.07737886483034359, 0.03311776726336862, 0.14744716536618713, 0.07219832610365987, 0.056841688197818915, 0.06002509770648623], [0.030868927656740396, 0.131161665485078, 0.044385671043732575, 0.005088375339321362, 0.05923383094652362, 0.2181882429857983, 0.11252537835610055, 0.07933095013904803, 0.1048379514051579, 0.21437900664249926], [0.13107899163745815, 0.13412664773929212, 0.004720477892413543, 0.13377247675748472, 0.08083627685817742, 0.13210732581076912, 0.10732299344013106, 0.03794839244743054, 0.10453593563284251, 0.1335504817840008], [0.1236746619486593, 0.13691895715842292, 0.04114229446617766, 0.12960485211961084, 0.0958628822960402, 0.12441616169615224, 0.010024981081945146, 0.13836579691739995, 0.08056866922495175, 0.11942074309063999], [0.19704882064095972, 0.11552267966146723, 0.19334033332433354, 0.20067529486759209, 0.05295435306083818, 0.007287625076465103, 9.276318205332307e-05, 0.029804215608191346, 0.1993668420904202, 0.003907072487679237], [0.0018647028799025096, 0.17601731847078447, 0.15822198468172188, 0.010073494641054165, 0.09435995946963519, 0.07530204819913215, 0.11865679255846766, 0.11556829049110119, 0.08831426270069417, 0.16162114590750665], [0.13017211075086138, 0.1359010708230933, 0.07687229872220286, 0.10330508829767239, 0.07051515026380292, 0.09422287595078888, 0.060568447711402, 0.16188625616013538, 0.0439399594118082, 0.12261674190823273], [0.07969139860092737, 0.1264016858071603, 0.041533076903811444, 0.28322975428174313, 0.24903540675858563, 0.014677310379924981, 0.13306475822681568, 0.058609521469403, 0.0024706485459691937, 0.011286439025659296], [0.07168371998927886, 0.2056566866042585, 0.10961160042155137, 0.007556870532957305, 0.22077655823733122, 0.02768309147687803, 0.12012973035073947, 0.20050463790199094, 0.010541006798521088, 0.025856097686493305]], "c": [[0.09822148334490706, 0.08677724225067512, 0.10901427430806643, 0.13851469918167877, 0.12203398262118653, 0.13193171600683787, 0.08397827104285613, 0.04735239441965897, 0.18029495330273998, 0.0018809835213931055], [0.13507901353597232, 0.1410379585437056, 0.13741634854885945, 0.013292931033194795, 0.13595548883330447, 0.03692976429137964, 0.015756775174931584, 0.13747296498939063, 0.1418202997067015, 0.10523845534256007], [0.0018388867519951104, 0.1005364086723738, 0.21413633518991715, 0.005581669661198239, 0.22228858139123106, 0.12183837451017851, 0.014591156217262584, 0.09094794517613379, 0.22406151977452635, 0.004179122655183315], [0.1013884351926488, 0.2486880761161225, 0.0025598564758736063, 0.09312523510071043, 0.029687347312568346, 0.06477450497032958, 0.05632935136376457, 0.0011932985333842354, 0.24898074724068958, 0.15327314769390843], [0.03755296184158114, 0.1395614959477755, 0.004779849173486614, 0.06547189716198212, 0.18250737922434346, 0.1158784995291499, 0.1844614905074052, 0.1870520056650075, 0.056302651086394574, 0.026431769862874026], [0.0047017576048543255, 0.06480548992678559, 0.3147367768195389, 0.07323352768837424, 0.14571199815669456, 0.16076182596419575, 0.0401846531351725, 0.17703803446347405, 0.0027755441486679577, 0.016050392092242117], [0.00979428461342788, 0.011794387621153505, 0.0345102593503203, 0.06935676760897042, 0.15715021589005673, 0.17410641854214007, 0.11822980759194589, 0.18576837512106614, 0.20763931137784636, 0.03165017228307268], [0.002201985758287387, 0.11030800481095394, 0.01539560049754048, 0.1909749582735472, 0.17674291425714292, 0.07322707636495614, 0.06586073570847874, 0.2554102898062562, 0.018720225718409075, 0.091158208804428], [0.07612732867640194, 0.10649709796025246, 0.11817504638148277, 0.04994210975526019, 0.14213701920226285, 0.016007923989515938, 0.050925322260902794, 0.1688702822736046, 0.12135847697928241, 0.14995939252103405], [0.16857465754909778, 0.03861982194309056, 0.15197540321679137, 0.04778824939339333, 0.17035561837835325, 0.14939921195138287, 0.16095547243590153, 0.050048539071578024, 0.006270236553783262, 0.056012789506627976]], "d": [[0.12295502905303826, 0.0009357288552604522, 0.24656192207636418, 0.0015087603892066797, 0.06525438619023413, 0.0011072899819633485, 0.16700268721844555, 0.04282638232412431, 0.2182502283971788, 0.13359758551418444], [0.10623967696820406, 0.13791095023989156, 0.0005273760327943436, 0.09633430607750806, 0.13942399458687585, 0.10382490829857459, 0.1417833534115109, 0.06434941410226001, 0.14085865101546305, 0.06874736926691775], [0.09907866692508524, 0.14900111026402107, 0.08389775998146429, 0.044694552291443895, 0.04088930486793506, 0.149069668010006, 0.08926856924532353, 0.14661802425822965, 0.05891487691112036, 0.1385674672453709], [0.004260226315657552, 0.021841451124360613, 0.000481764051210006, 0.05301761722585455, 0.16545485916070188, 0.06745971814706783, 0.1958019756203469, 0.2854494002606367, 0.15169831855899413, 0.0545346695351699], [0.14772633219356002, 0.14193133469912414, 0.08280620215579074, 0.0711752866502408, 0.1029306407972023, 0.14744865005900215, 0.013623049134167044, 0.14357283814134797, 0.1473541751848989, 0.001431490984665801], [0.046030088651479235, 0.12588175872390608, 0.07728629410839406, 0.206676963830728, 0.0020682034290446533, 0.10132161052305787, 0.01926399193065277, 0.20076074202607555, 0.07753858170730023, 0.14317176506936163], [0.04040108612170808, 0.2620591165108306, 0.23482079224943384, 0.07343543110792208, 0.0020755762653210242, 0.03527101044642855, 0.00086852701334444, 0.26449777490404996, 0.011671254691524075, 0.0748994306894374], [0.06767680090719448, 0.10270387064152911, 0.03333828331265961, 0.12692818126475053, 0.14353828967764623, 0.000876383701545595, 0.1312478412931825, 0.10067228236234882, 0.1390279333964485, 0.1539901334426946], [0.022343354113258777, 0.07835552675158736, 0.18772544884131043, 0.01832374369800858, 0.0012174086784508438, 0.07537743896976137, 0.1971514963898055, 0.2003414663870433, 0.20230969485369624, 0.016854421317077498], [0.07590689363727607, 0.04029606500754266, 0.19338702447360798, 0.1043385194236891, 0.0046558662754472195, 0.18799883439411014, 0.05734959007677105, 0.16016400522234742, 0.08427117422457057, 0.09163202726463766]], "e": [[0.03741479019357115, 0.23380888552027623, 0.12284379558981785, 0.099326588199196, 0.05493271971963536, 0.06750314263648188, 0.028759759164234747, 0.11017836392606206, 0.23804027634669464, 0.007191678704029906], [0.005945356451417412, 0.0320949318693893, 0.00010446057818655105, 0.17983796632407478, 0.17982558078444327, 0.1683532326505058, 0.1565420408026798, 0.17464687546661053, 0.043861625800793294, 0.05878792927189924], [0.06363881804010657, 0.028491254067356996, 0.10352503205285395, 0.14680242463359303, 0.13945112829973724, 0.04125911098993114, 0.14628255168085172, 0.0725415531200827, 0.1096313201791775, 0.14837680693630917], [0.057750293548906324, 0.11647505033206099, 0.0002494392460234342, 0.19289239842859576, 0.07697790177909657, 0.09973680682652342, 0.09859976554956526, 0.18407203642084316, 0.17137691757730164, 0.0018693902910833656], [0.13144231157766223, 0.13383365566976274, 0.11240729836022498, 0.11123807196777026, 0.16268298157020905, 2.8411426083501404e-05, 0.03875415277178097, 0.16286277191646586, 0.14406326368119265, 0.002687081058847682], [0.06045383354517387, 0.08874435256986409, 0.14114673448673834, 0.0002007125346107956, 0.0018669854455402165, 0.11986206417045513, 0.17605218163593978, 0.21681809244557104, 0.008600359643657005, 0.18625468352244967], [0.08851599332772635, 0.03764814167812802, 0.1368088308929594, 0.13846945353294596, 0.14236098506904074, 0.004627461572494578, 0.027843987829547615, 0.14460062483574132, 0.14136782864636283, 0.1377566926150532], [0.02192701903492775, 0.06622976108465249, 0.0018316454300660262, 0.15387876338256506, 0.16587719671874263, 0.19140536587060275, 0.09311405397428765, 0.19016329330028486, 0.10412904153024223, 0.011443859673628482], [0.022596240880348745, 0.0030445226090935243, 0.1585044770985366, 0.030080989804793394, 0.07513116258322822, 0.1775579778591315, 0.17826148235538797, 0.20103088974341085, 0.13472639824901, 0.01906585881705916], [0.052467107487371226, 0.1489263920447969, 0.167311806996176, 0.0007852288620684966, 0.12722617740230713, 0.005369506854861276, 0.12325120122435705, 0.08821464466576268, 0.16408362888010078, 0.12236430558219837]], "f": [[0.14523169933240937, 0.004869649970226109, 0.04675999782370497, 0.20729808967167365, 0.07724036913144491, 0.13350448587376845, 0.01991252595978351, 0.05671678046309014, 0.24653025604980616, 0.06193614572409282], [0.13202101229317426, 0.034528318114234714, 0.13369105308035242, 0.11839081046627593, 0.09742454520861003, 0.02166573695917167, 0.1342116258289315, 0.12167044954670542, 0.07144206910386366, 0.13495437939868032], [0.0039933276201570955, 0.008091022006878567, 0.18037293684360264, 0.001723460163316807, 0.056463091310028156, 0.04540772979549106, 0.23546855113189752, 0.11591207359832399, 0.12407840606886672, 0.2284894014614374], [0.18230105293871104, 0.013582098394160866, 0.014279099800392039, 0.2442271719320076, 0.0061589214622849294, 0.0014884873508684393, 0.1529474971743841, 0.21838152102913816, 0.1665453821916109, 8.876772644169887e-05], [0.32447671022584623, 0.01746929166574002, 0.07148081201358471, 0.23071259931758512, 0.13102265966774787, 0.013784684936004358, 0.005512921088999863, 0.15381785870505366, 0.031769303442429724, 0.019953158937008286], [0.04402080641851068, 0.12351518222963144, 0.2573342872640821, 0.12304475451741363, 0.01696862655413852, 0.019295115696144477, 0.07700603977680731, 0.001264232524510306, 0.07726692579336596, 0.2602840292253956], [0.15796044101018133, 0.08870708066879229, 0.07096103556448823, 0.17979202438514738, 0.042340267152408975, 0.01916396214419396, 0.2505549631271356, 0.012268238232001245, 0.015379747279054702, 0.1628722404365962], [0.17335603792658785, 0.225698167957265, 0.04746417990619445, 0.03490898998910752, 0.31505666720843567, 0.0041209667612857395, 0.10822024318927162, 0.0015490610322779854, 0.05879611849026224, 0.030829567539311938], [0.10600388737106507, 0.0015230135831351738, 0.13725568029217572, 0.20526173325328786, 0.02777435048468617, 0.20763034695108212, 0.05194122523397199, 0.01827166838651773, 0.2007509347504345, 0.043587159693643795], [0.05657052964670585, 0.11078064726660915, 0.04960020606168163, 0.0726004334023348, 0.21193188145810316, 0.19159925027347885, 0.050969009311116004, 0.04414223081898863, 0.007536443028630847, 0.2042693687323512]], "g": [[0.23492281045980198, 0.005318193734630315, 1.951936813224476e-05, 0.08161568141596902, 0.027288618628173607, 0.22814930773177458, 0.082699415404025, 0.02160621329095611, 0.07910886134623323, 0.23927137862030395], [0.0054565770049891235, 0.16782760769132726, 0.15858687500591506, 0.09481564840676336, 0.16637667634499848, 0.0984958091277772, 0.10857907152234841, 0.166338547790698, 0.032246389927862266, 0.0012767971773209644], [0.17472379936030302, 0.12887488126912858, 0.003966137836086883, 0.04568351145436339, 0.12279802452764772, 0.18659718926777422, 0.03895268984331523, 0.04600213759168436, 0.06828276745751698, 0.18411886139217956], [0.013119608769812253, 0.26507464223440474, 0.14789338964406812, 0.004702251663363162, 0.004795554951983771, 0.21854420599579108, 0.14478444600457485, 0.043936427033185656, 0.07340184148782355, 0.08374763221499287], [0.06248440040871253, 0.12929796790142722, 0.18684741668982374, 0.1323698864012562, 0.005670377270525525, 0.20362798045076105, 0.03554832664832642, 0.023312505322606144, 0.21896996658131498, 0.0018711723252462255], [0.17847814237308743, 0.10163788729188582, 0.17376705515475538, 0.1108718813141932, 0.01647994734701694, 0.20039538082241581, 0.06205109175329847, 0.06650689667123796, 0.08374428035899495, 0.006067436913114099], [0.10254170842920082, 0.1797594914860097, 0.0013930715593683267, 0.12030355569823636, 0.10451020671056997, 0.1416753515020027, 0.15356032654110638, 0.17596770506767362, 0.020283139929983006, 5.4430758490439834e-06], [0.14441181727312588, 0.16852736329562162, 0.16690555570273888, 0.13964653373005165, 0.010970233867852503, 0.17244405342377747, 0.13583615482365577, 0.04505886701783845, 0.0028916116526110295, 0.013307809212726705], [0.1751777374133935, 0.0009893653356408162, 0.05230610528146917, 0.11272331317645937, 0.03601972699483943, 0.1691116525945719, 0.05391556992900432, 0.16513037033754188, 0.14423607716378442, 0.09039008177329515], [0.01952526041488048, 0.017655210321729373, 0.17965051397490225, 0.020708721418853902, 0.059631486835704815, 0.22186448964053815, 0.22449906449318466, 0.040301608581911626, 0.11649016808882634, 0.09967347622946852]], "h": [[0.0926654203721595, 0.008133849338605814, 0.23600127676207208, 0.0458544978861615, 0.008540267022646, 0.02184838140587839, 0.23402694214084457, 0.008044174570203767, 0.08085398450915876, 0.2640312059922696], [0.16155723024370153, 0.11014428832556447, 0.12040267078856928, 0.015266530177655885, 0.15432894084162174, 0.05663498379520361, 0.1667846456196033, 0.0005169663311346061, 0.11814092820682612, 0.09622281567011942], [0.05234697572994473, 0.008410251989180852, 8.260680864686156e-06, 0.04226781429958544, 0.11013777086312582, 0.21837845818711324, 0.21110717881944077, 0.05444517670621247, 0.1390784995370044, 0.16381961318752752], [0.07696663615789436, 0.15848604560924004, 0.027696666421925302, 0.12841472077134913, 0.06702489931864497, 0.27359053552990914, 0.019123351089830456, 0.008578718174801192, 0.23996575266550818, 0.00015267426089718875], [0.06591704336040209, 0.1499822347030142, 0.03816985639003511, 0.006720225576418503, 0.07766773608361272, 0.1924633174489292, 0.19597575493935823, 0.07451728360885304, 0.01036914638653382, 0.18821740150284316], [0.03587976895137257, 0.11672608071452019, 0.21634147467565043, 0.18894022710268554, 0.021076576094464443, 0.050841899877147476, 0.09504194691783058, 0.03243363679073085, 0.16830055729888704, 0.07441783157671084], [0.014856064504167484, 0.00024323399587679624, 0.02420693203057514, 0.015837761442836475, 0.03890859544630918, 0.1717759982115711, 0.19285833259789054, 0.19245992682440646, 0.18129469670975584, 0.16755845823661103], [0.11261065090924254, 0.16511946998519722, 0.009299792140544312, 0.005626147960740806, 0.18020793805213683, 0.017387815433825993, 0.15461864332960026, 0.1365871269211276, 0.049692462621102634, 0.1688499526464819], [0.1283948575799481, 0.14448397408940797, 0.14625396971860352, 0.0619274483933809, 0.03111202014025564, 0.13823663118354598, 0.14554830525680618, 0.07983174857718144, 0.09654948797982763, 0.02766155708104275], [0.008932522628145792, 0.051181863775903155, 0.06862921965877584, 0.028912585477693833, 0.15333738254834883, 0.11707627680280511, 0.14799258200808046, 0.1215747911868607, 0.14810904709106776, 0.1542537288223186]], "i": [[0.01873402895135303, 0.23166017069273953, 0.07873108498873749, 0.0908705114760094, 0.09027104279342829, 0.04917141290204002, 0.19371224524030195, 0.19719674993915878, 0.03879372941815938, 0.010859023598072375], [0.018172690101791383, 0.1600887302886534, 0.04095849036968518, 0.000414339058266391, 0.16955425809920094, 0.16998440661897163, 0.00267225843953621, 0.10128246983551417, 0.15613449031625523, 0.18073786687212534], [0.10520557623257436, 0.14970844327488472, 0.0055233615843281346, 0.15271835488582206, 0.07182699809168708, 0.12844599613831428, 0.023346600637091628, 0.15440566379196355, 0.07292712992701772, 0.13589187543631648], [0.17294215458443774, 0.12992961418113244, 0.08208352891137458, 0.14917075019869222, 0.08866258144879469, 0.0954725982941812, 0.05929030798162877, 0.12236643439708, 0.012501649378164776, 0.08758038062451365], [0.2368656491036291, 0.10004626048702617, 0.15591170309878866, 0.05277255920340327, 0.0836211151761455, 0.006770529228229039, 0.18824835316131652, 0.00036209526601185837, 0.027604617452493284, 0.14779711782295657], [0.01705460166694304, 0.016717031106138223, 0.07376909578206554, 0.16988354453538979, 0.18843028576877363, 0.17656008686131952, 0.14171142714138849, 0.18061134294892275, 0.02192695888911028, 0.013335625299948623], [0.17759254223292828, 0.1035396718635937, 0.1444992138203671, 0.17471158363423658, 0.04316657937294434, 0.0005146691954543279, 0.009113782594535672, 0.04118393981967824, 0.18388171412130314, 0.12179630334495861], [0.09219348299764761, 0.10597361533366662, 0.16491528681309814, 0.008294650954863468, 0.025778222260288777, 0.043250256224221933, 0.05124385347027203, 0.13791371729250074, 0.1641230198030151, 0.20631389485042542], [0.0027453773501797136, 0.2769219448247538, 0.20134129848780985, 0.2503447269976676, 0.002899456570042204, 0.25609707493201567, 0.002226136280689402, 0.001347839546655421, 0.0008897835451554315, 0.00518636146503094], [0.13173704490335528, 0.12976640045126805, 0.07446719683095178, 0.018822325552927628, 0.22160519425478337, 0.015341980384694498, 0.0016603821142804863, 0.07065314958853978, 0.17339891155795392, 0.1625474143612452]], "j": [[0.02817223509090388, 0.29973361354574957, 0.11205355908230552, 0.11984276854060852, 0.010966567709851542, 0.00035453360535412623, 0.005591839838263659, 0.17566850871401213, 0.0415981041999842, 0.20601826967296702], [0.002335103578216562, 0.17333284482785796, 0.00019157556128745432, 0.14424560320381602, 0.16952956361263158, 0.020192470999296722, 0.001102418170598062, 0.16463788508684013, 0.14920180402038435, 0.17523073093907104], [0.19409534695774913, 0.16586602132002787, 0.029207163439378372, 0.07719056696272687, 0.00025321151235069533, 0.1653793670154264, 0.005372633671066604, 0.19407147873646274, 0.16768130617294533, 0.0008829042118659136], [0.24302027877173424, 0.029360989230796556, 0.001649724848480217, 0.1284264718549492, 0.25802759832943123, 0.25754931775405904, 0.014349167522887061, 0.001024861687266671, 0.038859273999303605, 0.027732316001092147], [0.0019299197821267934, 0.04328795180601508, 0.2200141256195759, 0.0018203199211481343, 0.15165204037401475, 0.014708434735084227, 0.20629353616003324, 0.23416406036984433, 0.09586979816990997, 0.030259813062247808], [0.14113321121732086, 0.1362259378342555, 0.11380260019603225, 0.12774329573985405, 0.035001950943858516, 0.23089207567183107, 0.07645466930436114, 0.00019196195989847515, 0.13686792659438426, 0.001686370538203759], [2.4143215826421726e-06, 0.12773618222867333, 0.04697950774999592, 0.14771934342663867, 0.11605057422875964, 0.14202358122765354, 0.13823776060350476, 0.1450291096219042, 0.1026432422779712, 0.033578284313315866], [0.08244832343431462, 0.18978843734836132, 0.03650895338417201, 0.1842203881321498, 0.002775628568284806, 0.18924746588154914, 0.04416337099196772, 0.13484682510942841, 0.06531841590087928, 0.07068219124889281], [1.0877092624607912e-05, 0.09848317912660726, 0.0004299528682407427, 0.24999193387824434, 0.1658078548327563, 0.1615236232263397, 0.07328806253629794, 0.08848029293764176, 0.005521027638207901, 0.15646319586303942], [0.11904036589170698, 0.009490445069543323, 0.08343011401591398, 0.10677623627791134, 0.13805953035874427, 0.15132421590297454, 0.0987143968893925, 0.06332579019267778, 0.10225356600596242, 0.1275853393951727]]}}